data_iniSE,SE,casos_est,casos_est_min,casos_est_max,casos,p_rt1,p_inc100k,Localidade_id,nivel,id,versao_modelo,tweet,Rt,pop,tempmin,umidmax,receptivo,transmissao,nivel_inc,umidmed,umidmin,tempmed,tempmax,casprov,casprov_est,casprov_est_min,casprov_est_max,casconf,notif_accum_year
2024-04-07,202415,65.0,37,113,9,0.20622651,0.53277904,0,2,355030820241519828,2024-04-15,0.0,0.8706993,12200180.0,20.875,88.3287985416667,1,0,0,84.5033222291667,78.7796943333333,21.2395833333333,21.8958333333333,,,,,,829
2024-03-31,202414,67.0,52,95,33,0.11705288,0.5491722,0,2,355030820241419828,2024-04-15,0.0,0.8226449,12200180.0,20.7142857142857,82.0760761428571,1,0,0,77.9704031428571,69.9173762857143,21.3690477142857,22.7142857142857,,,,,,829
2024-03-24,202413,74.0,64,91,53,0.15694,0.6065484,0,2,355030820241319828,2024-04-15,0.0,0.85324,12200180.0,19.0416666666667,89.9893957916667,1,0,0,88.8071457916667,88.253755,19.1805556666667,19.2083333333333,,,,,,829
2024-03-17,202412,84.0,76,94,70,0.39770037,0.6885144,0,2,355030820241219828,2024-04-15,0.0,0.961249,12200180.0,23.7142857142857,81.9362391428571,1,0,0,79.5661918571429,76.9668668571429,23.9761905714286,24.2857142857143,,,,,,829
2024-03-10,202411,86.0,79,93,76,0.6521904,0.70490766,0,2,355030820241119828,2024-04-15,0.0,1.0622833,12200180.0,23.1111111111111,79.4867508444444,1,0,0,78.8900851777778,78.2869318444444,23.4155555555556,23.6888888888889,,,,,,829
2024-03-03,202410,97.0,92,103,91,0.9513595,0.79507023,0,2,355030820241019828,2024-04-15,0.0,1.2879248,12200180.0,21.8666666666667,87.9625218666667,1,0,0,87.0249294444444,85.8240193777778,21.9377777777778,21.9555555555556,,,,,,829
2024-02-25,202409,80.0,77,85,76,0.64813876,0.65572804,0,2,355030820240919828,2024-04-15,0.0,1.0627812,12200180.0,23.2916666666667,82.1888295416667,1,0,0,81.5072850416667,80.82574025,23.3645833333333,23.4375,,,,,,829
2024-02-18,202408,67.0,65,71,65,0.2830356,0.5491722,0,2,355030820240819828,2024-04-15,0.0,0.90801346,12200180.0,21.0208333333333,89.74040125,1,0,0,88.1439720833333,86.18189375,21.09375,21.1666666666667,,,,,,829
2024-02-11,202407,81.0,80,84,80,0.91873246,0.66392463,0,2,355030820240719828,2024-04-15,0.0,1.2609701,12200180.0,21.3061224489796,84.6217816938776,1,0,0,81.6001730612245,78.5785671428571,21.9285714285714,22.5510204081633,,,,,,829
2024-02-04,202406,75.0,75,78,75,0.9933166,0.614745,0,2,355030820240619828,2024-04-15,0.0,1.5692139,12200180.0,22.1333333333333,79.6076911555556,1,0,0,78.6573504888889,77.7070153777778,22.2111111111111,22.2888888888889,,,,,,829
2024-01-28,202405,76.0,76,76,76,0.99996096,0.6229416,0,2,355030820240519828,2024-04-15,0.0,2.1696157,12200180.0,20.875,82.8574224166667,1,0,0,79.9624607083333,76.8108515833333,21.0694445416667,21.3125,,,,,,829
2024-01-21,202404,39.0,39,39,39,0.9183553,0.31966743,0,2,355030820240419828,2024-04-15,0.0,1.4073144,12200180.0,18.2291666666667,90.655414375,1,0,0,89.8200161458333,88.9919489583333,18.277777875,18.375,,,,,,829
2024-01-14,202403,34.0,34,34,34,0.95586586,0.2786844,0,2,355030820240319828,2024-04-15,0.0,1.5845355,12200180.0,23.5111111111111,82.0155726,1,0,0,80.3151331777778,78.6171941333333,23.7629630666667,24.0666666666667,,,,,,829
2024-01-07,202402,27.0,27,27,27,0.957183,0.22130822,0,2,355030820240219828,2024-04-15,0.0,1.6965444,12200180.0,22.6363636363636,80.3886825227273,1,0,0,78.3776565909091,76.3666293181818,23.0681818181818,23.5,,,,,,829
2023-12-31,202401,25.0,25,25,25,0.9494143,0.20491502,0,2,355030820240119828,2024-04-15,0.0,1.6865534,12200180.0,20.0212765957447,84.8533344680851,1,0,0,84.0519549574468,83.2505757446809,20.0212765957447,20.0212765957447,,,,,,829

